00100000000000010000000000000100
00100000000000100000000001010000
00000000000000000001100000100000
00100000000001010000000000000001
10001100000001000000001111101000
00010000001000100000000000001000
10001100001000110000001111101000
00000000100000110101000000101010
00000000000000000000000000000000
00000000000000000000000000000000
00010001010000000000000000000010
00000000011000000010000000100000
00000000101000000011100000100000
00100000001000010000000000000100
00100000101001010000000000000001
00001000000000000000000000000101
10101100000001000000011111010000
10101100000001110000011111010100